6
100100
001010
000000
110000
111000
010100
8
01100101
01000001
00011000
00000010
11000011
10100010
10000001
01100000
20
10000000000000000000
10000000000000000000
10000000000000000000
10000000000000000000
10000000000000000000
10000000000000000000
10000000000000000000
10000000000000000000
10000000000000000000
11111111110000000000
00000000001111100000
00000000000000010000
00000000000000001000
00000000000000000100
00000000000000000010
00000000000000000001
00000000000000000001
00000000000000000001
00000000000000000001
00000000000000000001
