11245
91321150448
1226406
99993563
812098901823019283091283012983012983901283901283901283901284901849081490805127590287459071259087904857908159087094275190817459078149028579018275490148750971259087123199991812884918204981098743098173409710937419083419087419087490183439012874301938274011233
812098901823019283091283012983012983901283901283901283901284901849081490805127590287459071259087904857908159087094275190817459078149028579018275490148750971259087123199991812884918204981098743098173409710937419083419087419087490183439012874301938274011233
812098901823019283091283012983012983901283901283901283901284901849081490805127590287459071259087904857908159087094275190817459078149028579018275490148750971259087123199991812884918204981098743098173409710937419083419087419087490183439012874301938274011233
812098901823019283091283012983012983901283901283901283901284901849081490805127590287459071259087904857908159087094275190817459078149028579018275490148750971259087123199991812884918204981098743098173409710937419083419087419087490183439012874301938274011233
812098901823019283091283012983012983901283901283901283901284901849081490805127590287459071259087904857908159087094275190817459078149028579018275490148750971259087123199991812884918204981098743098173409710937419083419087419087490183439012874301938274011233
812098901823019283091283012983012983901283901283901283901284901849081490805127590287459071259087904857908159087094275190817459078149028579018275490148750971259087123199991812884918204981098743098173409710937419083419087419087490183439012874301938274011233
812098901823019283091283012983012983901283901283901283901284901849081490805127590287459071259087904857908159087094275190817459078149028579018275490148750971259087123199991812884918204981098743098173409710937419083419087419087490183439012874301938274011233
812098901823019283091283012983012983901283901283901283901284901849081490805127590287459071259087904857908159087094275190817459078149028579018275490148750971259087123199991812884918204981098743098173409710937419083419087419087490183439012874301938274011233
812098901823019283091283012983012983901283901283901283901284901849081490805127590287459071259087904857908159087094275190817459078149028579018275490148750971259087123199991812884918204981098743098173409710937419083419087419087490183439012874301938274011233
812098901823019283091283012983012983901283901283901283901284901849081490805127590287459071259087904857908159087094275190817459078149028579018275490148750971259087123199991812884918204981098743098173409710937419083419087419087490183439012874301938274011233
812098901823019283091283012983012983901283901283901283901284901849081490805127590287459071259087904857908159087094275190817459078149028579018275490148750971259087123199991812884918204981098743098173409710937419083419087419087490183439012874301938274011233
812098901823019283091283012983012983901283901283901283901284901849081490805127590287459071259087904857908159087094275190817459078149028579018275490148750971259087123199991812884918204981098743098173409710937419083419087419087490183439012874301938274011233
812098901823019283091283012983012983901283901283901283901284901849081490805127590287459071259087904857908159087094275190817459078149028579018275490148750971259087123199991812884918204981098743098173409710937419083419087419087490183439012874301938274011233
812098901823019283091283012983012983901283901283901283901284901849081490805127590287459071259087904857908159087094275190817459078149028579018275490148750971259087123199991812884918204981098743098173409710937419083419087419087490183439012874301938274011233
812098901823019283091283012983012983901283901283901283901284901849081490805127590287459071259087904857908159087094275190817459078149028579018275490148750971259087123199991812884918204981098743098173409710937419083419087419087490183439012874301938274011233
812098901823019283091283012983012983901283901283901283901284901849081490805127590287459071259087904857908159087094275190817459078149028579018275490148750971259087123199991812884918204981098743098173409710937419083419087419087490183439012874301938274011233
812098901823019283091283012983012983901283901283901283901284901849081490805127590287459071259087904857908159087094275190817459078149028579018275490148750971259087123199991812884918204981098743098173409710937419083419087419087490183439012874301938274011233
812098901823019283091283012983012983901283901283901283901284901849081490805127590287459071259087904857908159087094275190817459078149028579018275490148750971259087123199991812884918204981098743098173409710937419083419087419087490183439012874301938274011233
812098901823019283091283012983012983901283901283901283901284901849081490805127590287459071259087904857908159087094275190817459078149028579018275490148750971259087123199991812884918204981098743098173409710937419083419087419087490183439012874301938274011233
812098901823019283091283012983012983901283901283901283901284901849081490805127590287459071259087904857908159087094275190817459078149028579018275490148750971259087123199991812884918204981098743098173409710937419083419087419087490183439012874301938274011233
812098901823019283091283012983012983901283901283901283901284901849081490805127590287459071259087904857908159087094275190817459078149028579018275490148750971259087123199991812884918204981098743098173409710937419083419087419087490183439012874301938274011233
812098901823019283091283012983012983901283901283901283901284901849081490805127590287459071259087904857908159087094275190817459078149028579018275490148750971259087123199991812884918204981098743098173409710937419083419087419087490183439012874301938274011233
812098901823019283091283012983012983901283901283901283901284901849081490805127590287459071259087904857908159087094275190817459078149028579018275490148750971259087123199991812884918204981098743098173409710937419083419087419087490183439012874301938274011233
812098901823019283091283012983012983901283901283901283901284901849081490805127590287459071259087904857908159087094275190817459078149028579018275490148750971259087123199991812884918204981098743098173409710937419083419087419087490183439012874301938274011233
812098901823019283091283012983012983901283901283901283901284901849081490805127590287459071259087904857908159087094275190817459078149028579018275490148750971259087123199991812884918204981098743098173409710937419083419087419087490183439012874301938274011233
812098901823019283091283012983012983901283901283901283901284901849081490805127590287459071259087904857908159087094275190817459078149028579018275490148750971259087123199991812884918204981098743098173409710937419083419087419087490183439012874301938274011233
812098901823019283091283012983012983901283901283901283901284901849081490805127590287459071259087904857908159087094275190817459078149028579018275490148750971259087123199991812884918204981098743098173409710937419083419087419087490183439012874301938274011233
812098901823019283091283012983012983901283901283901283901284901849081490805127590287459071259087904857908159087094275190817459078149028579018275490148750971259087123199991812884918204981098743098173409710937419083419087419087490183439012874301938274011233
812098901823019283091283012983012983901283901283901283901284901849081490805127590287459071259087904857908159087094275190817459078149028579018275490148750971259087123199991812884918204981098743098173409710937419083419087419087490183439012874301938274011233
812098901823019283091283012983012983901283901283901283901284901849081490805127590287459071259087904857908159087094275190817459078149028579018275490148750971259087123199991812884918204981098743098173409710937419083419087419087490183439012874301938274011233
812098901823019283091283012983012983901283901283901283901284901849081490805127590287459071259087904857908159087094275190817459078149028579018275490148750971259087123199991812884918204981098743098173409710937419083419087419087490183439012874301938274011233
812098901823019283091283012983012983901283901283901283901284901849081490805127590287459071259087904857908159087094275190817459078149028579018275490148750971259087123199991812884918204981098743098173409710937419083419087419087490183439012874301938274011233
812098901823019283091283012983012983901283901283901283901284901849081490805127590287459071259087904857908159087094275190817459078149028579018275490148750971259087123199991812884918204981098743098173409710937419083419087419087490183439012874301938274011233
812098901823019283091283012983012983901283901283901283901284901849081490805127590287459071259087904857908159087094275190817459078149028579018275490148750971259087123199991812884918204981098743098173409710937419083419087419087490183439012874301938274011233
812098901823019283091283012983012983901283901283901283901284901849081490805127590287459071259087904857908159087094275190817459078149028579018275490148750971259087123199991812884918204981098743098173409710937419083419087419087490183439012874301938274011233
812098901823019283091283012983012983901283901283901283901284901849081490805127590287459071259087904857908159087094275190817459078149028579018275490148750971259087123199991812884918204981098743098173409710937419083419087419087490183439012874301938274011233
812098901823019283091283012983012983901283901283901283901284901849081490805127590287459071259087904857908159087094275190817459078149028579018275490148750971259087123199991812884918204981098743098173409710937419083419087419087490183439012874301938274011233
812098901823019283091283012983012983901283901283901283901284901849081490805127590287459071259087904857908159087094275190817459078149028579018275490148750971259087123199991812884918204981098743098173409710937419083419087419087490183439012874301938274011233
812098901823019283091283012983012983901283901283901283901284901849081490805127590287459071259087904857908159087094275190817459078149028579018275490148750971259087123199991812884918204981098743098173409710937419083419087419087490183439012874301938274011233
812098901823019283091283012983012983901283901283901283901284901849081490805127590287459071259087904857908159087094275190817459078149028579018275490148750971259087123199991812884918204981098743098173409710937419083419087419087490183439012874301938274011233
812098901823019283091283012983012983901283901283901283901284901849081490805127590287459071259087904857908159087094275190817459078149028579018275490148750971259087123199991812884918204981098743098173409710937419083419087419087490183439012874301938274011233
812098901823019283091283012983012983901283901283901283901284901849081490805127590287459071259087904857908159087094275190817459078149028579018275490148750971259087123199991812884918204981098743098173409710937419083419087419087490183439012874301938274011233
812098901823019283091283012983012983901283901283901283901284901849081490805127590287459071259087904857908159087094275190817459078149028579018275490148750971259087123199991812884918204981098743098173409710937419083419087419087490183439012874301938274011233
812098901823019283091283012983012983901283901283901283901284901849081490805127590287459071259087904857908159087094275190817459078149028579018275490148750971259087123199991812884918204981098743098173409710937419083419087419087490183439012874301938274011233
812098901823019283091283012983012983901283901283901283901284901849081490805127590287459071259087904857908159087094275190817459078149028579018275490148750971259087123199991812884918204981098743098173409710937419083419087419087490183439012874301938274011233
812098901823019283091283012983012983901283901283901283901284901849081490805127590287459071259087904857908159087094275190817459078149028579018275490148750971259087123199991812884918204981098743098173409710937419083419087419087490183439012874301938274011233
812098901823019283091283012983012983901283901283901283901284901849081490805127590287459071259087904857908159087094275190817459078149028579018275490148750971259087123199991812884918204981098743098173409710937419083419087419087490183439012874301938274011233
812098901823019283091283012983012983901283901283901283901284901849081490805127590287459071259087904857908159087094275190817459078149028579018275490148750971259087123199991812884918204981098743098173409710937419083419087419087490183439012874301938274011233
812098901823019283091283012983012983901283901283901283901284901849081490805127590287459071259087904857908159087094275190817459078149028579018275490148750971259087123199991812884918204981098743098173409710937419083419087419087490183439012874301938274011233
812098901823019283091283012983012983901283901283901283901284901849081490805127590287459071259087904857908159087094275190817459078149028579018275490148750971259087123199991812884918204981098743098173409710937419083419087419087490183439012874301938274011233
812098901823019283091283012983012983901283901283901283901284901849081490805127590287459071259087904857908159087094275190817459078149028579018275490148750971259087123199991812884918204981098743098173409710937419083419087419087490183439012874301938274011233
812098901823019283091283012983012983901283901283901283901284901849081490805127590287459071259087904857908159087094275190817459078149028579018275490148750971259087123199991812884918204981098743098173409710937419083419087419087490183439012874301938274011233
812098901823019283091283012983012983901283901283901283901284901849081490805127590287459071259087904857908159087094275190817459078149028579018275490148750971259087123199991812884918204981098743098173409710937419083419087419087490183439012874301938274011233
812098901823019283091283012983012983901283901283901283901284901849081490805127590287459071259087904857908159087094275190817459078149028579018275490148750971259087123199991812884918204981098743098173409710937419083419087419087490183439012874301938274011233
812098901823019283091283012983012983901283901283901283901284901849081490805127590287459071259087904857908159087094275190817459078149028579018275490148750971259087123199991812884918204981098743098173409710937419083419087419087490183439012874301938274011233
812098901823019283091283012983012983901283901283901283901284901849081490805127590287459071259087904857908159087094275190817459078149028579018275490148750971259087123199991812884918204981098743098173409710937419083419087419087490183439012874301938274011233
812098901823019283091283012983012983901283901283901283901284901849081490805127590287459071259087904857908159087094275190817459078149028579018275490148750971259087123199991812884918204981098743098173409710937419083419087419087490183439012874301938274011233
812098901823019283091283012983012983901283901283901283901284901849081490805127590287459071259087904857908159087094275190817459078149028579018275490148750971259087123199991812884918204981098743098173409710937419083419087419087490183439012874301938274011233
812098901823019283091283012983012983901283901283901283901284901849081490805127590287459071259087904857908159087094275190817459078149028579018275490148750971259087123199991812884918204981098743098173409710937419083419087419087490183439012874301938274011233
812098901823019283091283012983012983901283901283901283901284901849081490805127590287459071259087904857908159087094275190817459078149028579018275490148750971259087123199991812884918204981098743098173409710937419083419087419087490183439012874301938274011233
812098901823019283091283012983012983901283901283901283901284901849081490805127590287459071259087904857908159087094275190817459078149028579018275490148750971259087123199991812884918204981098743098173409710937419083419087419087490183439012874301938274011233
812098901823019283091283012983012983901283901283901283901284901849081490805127590287459071259087904857908159087094275190817459078149028579018275490148750971259087123199991812884918204981098743098173409710937419083419087419087490183439012874301938274011233
812098901823019283091283012983012983901283901283901283901284901849081490805127590287459071259087904857908159087094275190817459078149028579018275490148750971259087123199991812884918204981098743098173409710937419083419087419087490183439012874301938274011233
812098901823019283091283012983012983901283901283901283901284901849081490805127590287459071259087904857908159087094275190817459078149028579018275490148750971259087123199991812884918204981098743098173409710937419083419087419087490183439012874301938274011233
812098901823019283091283012983012983901283901283901283901284901849081490805127590287459071259087904857908159087094275190817459078149028579018275490148750971259087123199991812884918204981098743098173409710937419083419087419087490183439012874301938274011233
812098901823019283091283012983012983901283901283901283901284901849081490805127590287459071259087904857908159087094275190817459078149028579018275490148750971259087123199991812884918204981098743098173409710937419083419087419087490183439012874301938274011233
0
